-199 -432 -322 -4 -5 -63 -776 -43 -61 -90 -75 -53 -122
-565 -346 -145 -5 -2 -75 -616 -66 -63 -66 -33 -13 -684
-783 -684 -822 -2 -9 -87 -744 -27 -95 -74 -37 -76 -856
-932 -155 -146 -7 -4 -74 -777 -56 -77 -54 -58 -74 -277
-783 -684 -822 -2 -4 -87 -744 -27 -95 -74 -37 -76 -856
-565 -346 -477 -5 -2 -75 -656 -66 -63 -66 -33 -13 -664
-563 -346 -186 -9 -2 -75 -636 -87 -63 -74 -33 -13 -684
-199 -432 -122 -4 -5 -63 -446 -43 -61 -90 -75 -53 -192
-565 -346 -145 -5 -2 -75 -616 -66 -63 -66 -33 -13 -684
-932 -155 -146 -7 -4 -74 -777 -56 -77 -54 -58 -74 -277
-932 -155 -146 -7 -4 -74 -777 -56 -77 -54 -58 -74 -277
-783 -684 -822 -2 -4 -87 -744 -27 -95 -74 -37 -76 -856
-932 -155 -146 -7 -4 -74 -777 -56 -77 -54 -58 -74 -277
-783 -684 -822 -2 -4 -87 -744 -27 -95 -74 -37 -76 -856
-565 -346 -477 -5 -2 -75 -656 -66 -63 -66 -33 -13 -664
-563 -346 -186 -9 -2 -75 -636 -87 -63 -74 -33 -13 -684
-199 -432 -122 -4 -5 -63 -446 -43 -61 -90 -75 -53 -192
-565 -346 -145 -5 -2 -75 -616 -66 -63 -66 -33 -13 -684
-932 -155 -146 -7 -4 -74 -777 -56 -77 -54 -58 -74 -277
-932 -155 -146 -7 -4 -74 -777 -56 -77 -54 -58 -74 -277
-783 -684 -822 -2 -4 -87 -744 -27 -95 -74 -37 -76 -856
-565 -346 -477 -5 -2 -75 -656 -66 -63 -66 -33 -13 -664
-563 -346 -186 -9 -2 -75 -636 -87 -63 -74 -33 -13 -684
-199 -432 -122 -4 -5 -63 -446 -43 -61 -90 -75 -53 -192
-565 -346 -145 -5 -2 -75 -616 -66 -63 -66 -33 -13 -684
-932 -155 -146 -7 -4 -74 -777 -56 -77 -54 -58 -74 -277
-565 -346 -477 -5 -2 -75 -656 -66 -63 -66 -33 -13 -664
-563 -346 -186 -9 -2 -75 -636 -87 -63 -74 -33 -13 -684
-199 -432 -122 -4 -5 -63 -446 -43 -61 -90 -75 -53 -192
-565 -346 -145 -5 -2 -75 -616 -66 -63 -66 -33 -13 -684
-932 -155 -146 -7 -4 -74 -777 -56 -77 -54 -58 -74 -277
-565 -346 -477 -5 -2 -75 -656 -66 -63 -66 -33 -13 -664
-563 -346 -186 -9 -2 -75 -636 -87 -63 -74 -33 -13 -684
-199 -432 -122 -4 -5 -63 -446 -43 -61 -90 -75 -53 -192
-565 -346 -145 -5 -2 -75 -616 -66 -63 -66 -33 -13 -684
