521 543 154 95 0 5 150 5 65 2342 532 227 6
651 542 333 41 5 6 907 1 55 3776 694 469 7
521 543 154 95 0 5 150 5 65 6732 654 227 6
923 139 903 18 8 1 111 9 25 7422 457 864 8
923 139 888 18 8 1 111 9 25 9034 457 864 0
651 542 333 41 5 6 907 1 55 3776 234 469 7
255 139 754 18 8 1 111 9 25 9034 457 864 0
521 543 154 95 0 5 150 5 65 2342 532 227 6
651 542 333 41 5 6 907 1 55 3776 694 469 7
923 139 888 18 8 1 111 9 25 9034 457 864 0
651 542 333 41 5 6 907 1 55 3776 234 469 7
923 139 903 18 8 1 111 9 25 9034 457 864 0
521 543 154 95 0 5 150 5 65 6732 654 227 6
923 139 903 18 8 1 111 9 25 7422 457 864 8
521 363 154 95 0 5 150 5 65 6732 532 227 6
923 139 903 18 8 1 111 9 25 7422 457 864 8
255 139 754 18 8 1 111 9 25 9034 457 864 0
521 543 154 95 0 5 150 5 65 2342 532 227 6
651 542 333 41 5 6 907 1 55 3776 694 469 7
521 363 154 95 0 5 150 5 65 6732 532 227 6
651 542 333 41 5 6 907 1 55 3776 694 469 7
521 543 154 95 0 5 150 5 65 6732 654 227 6
521 363 154 95 0 5 150 5 65 6732 532 227 6
923 139 903 18 8 1 111 9 25 9034 457 864 0
521 543 154 95 0 5 150 5 65 6732 654 227 6
923 139 903 18 8 1 111 9 25 7422 457 864 8
651 542 333 41 5 6 907 1 55 3776 694 469 7
521 543 154 95 0 5 150 5 65 6732 654 227 6
521 363 154 95 0 5 150 5 65 6732 532 227 6
923 139 903 18 8 1 111 9 25 9034 457 864 0
923 139 888 18 8 1 111 9 25 9034 457 864 0
651 542 333 41 5 6 907 1 55 3776 234 469 7
923 139 903 18 8 1 111 9 25 9034 457 864 0
521 543 154 95 0 5 150 5 65 6732 654 227 6
923 139 903 18 8 1 111 9 25 7422 457 864 8